1
10001
20001
30001
40001
50001
60001
70001
80001
90001
100001
103378 imagens
Querying image_id: 733
[61148, 730, 732, 734, 948, 678, 949, 950, 960, 945]
[733 : 1.0, 75891 : 0.8796645, 17342 : 0.859051, 9668 : 0.85830605, 734 : 0.85595345, 19028 : 0.8534806, 5334 : 0.85292536, 4034 : 0.85292536, 3707 : 0.85284877, 4514 : 0.85284877, 25616 : 0.84953827, 46382 : 0.84676874, 39133 : 0.84608805, 39938 : 0.83583695, 62350 : 0.83565515, 47481 : 0.8345879, 96972 : 0.8338558, 25016 : 0.8328155, 72956 : 0.83103377, 72957 : 0.8304684, 17613 : 0.82969534, 91816 : 0.8292502, 91815 : 0.8286907, 91921 : 0.8279541, 94796 : 0.8255218, 75044 : 0.82485044, 75767 : 0.8243732, 25549 : 0.82417196, 92226 : 0.82323605, 68201 : 0.8224539, 678 : 0.8219878, 96059 : 0.82185227, 25031 : 0.82103395, 64248 : 0.8205955, 20512 : 0.82030076, 72955 : 0.8200965, 89839 : 0.81840605, 81720 : 0.8175998, 88475 : 0.8168716, 49378 : 0.8155336]
Querying image_id: 91916
[91895, 91915, 91917, 91919, 91918, 91920, 91903, 91902, 91899, 91898]
[91916 : 1.0, 71179 : 0.8053237, 91920 : 0.8046437, 71286 : 0.7999279, 64713 : 0.7947141, 96963 : 0.79077023, 71317 : 0.78737515, 91905 : 0.7832307, 636 : 0.77967465, 86732 : 0.77911526, 3434 : 0.77761173, 4887 : 0.77761173, 91902 : 0.775392, 74012 : 0.7728255, 93038 : 0.77168924, 62415 : 0.7707308, 62845 : 0.7687951, 31889 : 0.76823455, 4573 : 0.76502365, 3766 : 0.76502365, 27087 : 0.76445353, 56905 : 0.7640069, 37886 : 0.7639129, 72235 : 0.7631058, 58268 : 0.7629226, 91917 : 0.7616421, 93168 : 0.7611346, 1288 : 0.76065004, 91906 : 0.76040894, 31423 : 0.7596598, 40306 : 0.75764626, 7792 : 0.7565567, 26399 : 0.7561435, 33397 : 0.75612575, 45323 : 0.75528383, 50347 : 0.7547939, 7147 : 0.7546236, 15744 : 0.7529092, 4984 : 0.75013787, 30906 : 0.7494732]
Querying image_id: 58334
[48977, 60964, 58332, 58333, 58335, 58328, 58329, 58330, 58331]
[58334 : 1.0, 58333 : 0.86573553, 84721 : 0.8642925, 58332 : 0.8611379, 54163 : 0.8557871, 58330 : 0.85409427, 58329 : 0.8521314, 85956 : 0.84715307, 73863 : 0.8422446, 52602 : 0.8413526, 75850 : 0.8295363, 53936 : 0.8157211, 90357 : 0.8151601, 51421 : 0.81450826, 14076 : 0.81278145, 19961 : 0.8109262, 14186 : 0.8108187, 58331 : 0.8084864, 5394 : 0.8073171, 4094 : 0.8073171, 76306 : 0.79767615, 76305 : 0.7972808, 37808 : 0.7970375, 58335 : 0.79592973, 93044 : 0.7937164, 16000 : 0.7925392, 35634 : 0.79219514, 92616 : 0.7908009, 70188 : 0.78846645, 27281 : 0.78835166, 80027 : 0.78772974, 48301 : 0.7872269, 34058 : 0.78556794, 6434 : 0.78465056, 1415 : 0.78227663, 15064 : 0.7799118, 27257 : 0.7799105, 13117 : 0.77872175, 17934 : 0.7769476, 45193 : 0.77387106]
Querying image_id: 82458
[82467, 82450, 82451, 82452, 82453, 82455, 82456, 84746, 82473, 82459]
[82458 : 1.0, 82450 : 0.73608893, 99442 : 0.70260924, 82456 : 0.6976539, 6698 : 0.6406337, 103223 : 0.60833275, 82459 : 0.60210663, 22462 : 0.6010335, 61699 : 0.5965515, 82451 : 0.5955309, 55913 : 0.5953238, 55822 : 0.58939755, 22460 : 0.58906084, 20967 : 0.5876988, 8215 : 0.5853818, 3523 : 0.5847162, 71634 : 0.58302844, 10954 : 0.57478106, 12688 : 0.57478106, 11845 : 0.57478106, 103236 : 0.57411355, 49079 : 0.5726969, 49078 : 0.5726969, 98768 : 0.57027394, 55164 : 0.5689812, 38063 : 0.5682514, 62250 : 0.562581, 87738 : 0.55757505, 62296 : 0.5574024, 73784 : 0.5544962, 53228 : 0.5527346, 55978 : 0.5527054, 36674 : 0.5498909, 82453 : 0.5496469, 25287 : 0.5466451, 12444 : 0.5437582, 11601 : 0.5437582, 10710 : 0.5437582, 45192 : 0.54128957, 20965 : 0.5410835]
Querying image_id: 97282
[3846, 5560, 56351, 18698, 18699, 56026, 3594, 4461, 4756, 58729, 4734, 39459, 7342, 5518, 3616]
[97282 : 1.0, 100005 : 0.7358583, 64072 : 0.7310712, 89135 : 0.71902597, 100003 : 0.7062551, 100028 : 0.7011993, 64090 : 0.6917777, 36544 : 0.68267375, 64081 : 0.67375594, 33549 : 0.6711183, 96515 : 0.6698001, 96551 : 0.6698001, 75699 : 0.664814, 100027 : 0.6571282, 64091 : 0.65294516, 40941 : 0.6411068, 4414 : 0.6389584, 94437 : 0.63801855, 73147 : 0.6367674, 99802 : 0.6349151, 63250 : 0.6346567, 41228 : 0.6342847, 99835 : 0.63317776, 95075 : 0.63258743, 6284 : 0.63103914, 7265 : 0.6307675, 11508 : 0.63014495, 10617 : 0.63014495, 12351 : 0.63014495, 65695 : 0.6285498, 29731 : 0.62788665, 29362 : 0.62788665, 18098 : 0.61967975, 53235 : 0.61355776, 4199 : 0.61139446, 36542 : 0.61093444, 18092 : 0.6099901, 37023 : 0.6097431, 34206 : 0.60781026, 3662 : 0.60208166]
Querying image_id: 55602
[56808, 56811, 56438, 55474, 56815, 55486, 16670, 56802, 45768, 55252, 16536, 55456, 56817, 55468, 55469, 5233, 29420, 55447, 18269, 55284, 55454, 16301, 55555, 55448, 56795, 18876, 6960, 56797, 56512, 54360, 55575, 16567, 55573, 7369, 56375, 7115, 56851, 79692, 55543, 87095, 92565, 7219, 55545, 57759, 1303, 26078, 92562, 55520, 26050, 7691, 55530, 35969, 56756, 56759, 7126, 55504, 53719, 45729, 26103, 55216, 7325, 55209, 56734, 56733, 55491, 29789, 46533, 7034, 55499, 56448, 56720, 90154]
[55602 : 1.0, 56808 : 0.74969995, 56802 : 0.6961231, 26103 : 0.6732762, 26078 : 0.6732762, 26050 : 0.6732762, 55530 : 0.6690972, 55499 : 0.6533439, 77826 : 0.6485857, 79708 : 0.6475157, 55779 : 0.6460554, 16318 : 0.64137334, 68446 : 0.6409254, 55446 : 0.63800067, 36060 : 0.6359816, 36023 : 0.6359816, 16311 : 0.6352617, 57909 : 0.63505816, 16403 : 0.634869, 38373 : 0.6335103, 57956 : 0.6332257, 27613 : 0.63070595, 7290 : 0.6288484, 37712 : 0.62605023, 7412 : 0.62487394, 92555 : 0.62303704, 84192 : 0.6214682, 24656 : 0.62019426, 55567 : 0.6188086, 7407 : 0.61862296, 54495 : 0.6170181, 93388 : 0.6166759, 7397 : 0.61590266, 92588 : 0.6145992, 91380 : 0.6142668, 91382 : 0.61308414, 7419 : 0.6118949, 16513 : 0.61083466, 21313 : 0.6065083, 19083 : 0.6028524]
Querying image_id: 230
[84066, 54410, 69757, 45295, 227, 27040, 43925, 54384, 27038, 27039, 36657, 53702, 25934, 27034, 27035, 27061, 27058, 48803]
[230 : 1.0, 40713 : 0.82288224, 52229 : 0.7662726, 51749 : 0.7574394, 76291 : 0.74510413, 48374 : 0.7275242, 52771 : 0.703268, 52198 : 0.7031403, 100848 : 0.7009435, 32311 : 0.69408935, 25619 : 0.6669384, 76052 : 0.6601934, 51984 : 0.657195, 27080 : 0.64798635, 53691 : 0.64766103, 32132 : 0.6423741, 99129 : 0.6408048, 53702 : 0.6399837, 54919 : 0.6387048, 25653 : 0.63399136, 73400 : 0.6251806, 52745 : 0.6210819, 38744 : 0.6200693, 93441 : 0.6196924, 41655 : 0.61785, 1028 : 0.6177133, 52663 : 0.6163559, 6869 : 0.61058325, 1029 : 0.6092498, 53379 : 0.6086476, 65418 : 0.6020017, 85749 : 0.6016312, 85754 : 0.60008246, 92079 : 0.5976506, 71478 : 0.59512436, 67977 : 0.5950925, 66048 : 0.5873426, 66181 : 0.5867264, 67631 : 0.58474183, 67956 : 0.58474183]
Querying image_id: 63579
[63608, 63578, 63551, 63582, 63581, 63574, 63537, 63473, 63708, 63562, 63532, 63535, 63561, 63560, 63529, 63531, 63685, 63584, 63722, 63459]
[4876 : 0.7568493, 3423 : 0.7568493, 63579 : 0.7467117, 25331 : 0.73206645, 65717 : 0.7215474, 33016 : 0.7202122, 52105 : 0.72019213, 984 : 0.71803254, 87717 : 0.7170888, 44752 : 0.7154491, 6091 : 0.71313787, 22324 : 0.71127784, 24762 : 0.7111307, 26571 : 0.7092514, 31535 : 0.7085537, 96117 : 0.7072734, 46090 : 0.7071351, 31874 : 0.706499, 7474 : 0.7059512, 31566 : 0.70529306, 65538 : 0.70332134, 24684 : 0.70265615, 31810 : 0.70132715, 63663 : 0.7006611, 86683 : 0.7000168, 46070 : 0.699965, 5894 : 0.69970906, 92886 : 0.69900376, 90270 : 0.69864917, 50938 : 0.6945164, 69149 : 0.69204396, 95552 : 0.6916352, 49263 : 0.6916259, 93953 : 0.6912624, 76975 : 0.6887767, 66260 : 0.6860674, 63241 : 0.68188447, 82243 : 0.6797094, 82881 : 0.6781293, 92098 : 0.6780109]
Querying image_id: 33972
[33930, 33796, 33797, 33989, 33800, 33801, 33802, 33984, 33987, 33986, 59170, 96923, 59124, 59153, 33966, 78386, 33903, 33978, 33979, 33977, 33908, 33982, 33906, 33983, 59142, 33970, 33971, 33974]
[33972 : 1.0, 33971 : 0.9843032, 45536 : 0.85791606, 76367 : 0.8506494, 7577 : 0.8368787, 38570 : 0.8328039, 75586 : 0.8175928, 29275 : 0.8069083, 65037 : 0.806298, 33967 : 0.7961784, 7520 : 0.7957437, 73601 : 0.79387414, 71925 : 0.7933746, 85761 : 0.7919931, 12174 : 0.7889941, 10440 : 0.7889941, 11331 : 0.7889941, 15246 : 0.7865085, 33903 : 0.78595996, 7590 : 0.7811655, 59124 : 0.7800866, 62063 : 0.77808964, 70359 : 0.7779307, 66525 : 0.77751, 18460 : 0.77607983, 20902 : 0.77428824, 18456 : 0.7693524, 27455 : 0.76926035, 27405 : 0.7690295, 33969 : 0.76890653, 64852 : 0.76830375, 68233 : 0.76721203, 68711 : 0.76583856, 64983 : 0.76527566, 87949 : 0.76246303, 74692 : 0.75962037, 89131 : 0.75908864, 55092 : 0.7576168, 71931 : 0.7565528, 56049 : 0.7558393]
Querying image_id: 18535
[18550, 18554, 18536, 18542, 18559, 18543, 18540]
[18535 : 1.0, 7384 : 0.80041885, 16252 : 0.77662313, 92107 : 0.7733965, 92111 : 0.7713899, 92115 : 0.763913, 93561 : 0.7636154, 92117 : 0.76326907, 93559 : 0.7620375, 92114 : 0.7602767, 33157 : 0.75991213, 92108 : 0.7598272, 92109 : 0.75930196, 92116 : 0.75743747, 92113 : 0.75671273, 60328 : 0.7552987, 92110 : 0.75351673, 92106 : 0.7526613, 33977 : 0.7475145, 33976 : 0.7453358, 74218 : 0.7444596, 91224 : 0.74435735, 39491 : 0.7438302, 69757 : 0.741967, 54435 : 0.74110264, 33979 : 0.7409003, 33975 : 0.7408644, 76275 : 0.74033076, 92112 : 0.739591, 38724 : 0.73682564, 30542 : 0.73423594, 17198 : 0.7338717, 33974 : 0.72871405, 33987 : 0.7272186, 33989 : 0.7261968, 41958 : 0.7259325, 220 : 0.72572124, 33981 : 0.7252158, 33363 : 0.724309, 6565 : 0.7239792]
Querying image_id: 80542
[60391, 80938, 79149, 60393, 60392, 60406, 81316, 68689, 60408, 79233, 60234, 79656, 79238, 81169, 81168, 60230, 81170, 81172, 69191, 79524, 78841, 60586, 14957, 60377, 27124, 99300, 79328, 82251, 80540, 80541, 80538, 60486, 80539, 80536, 80537, 33627, 79481, 33626, 79483, 78763, 80553, 33629, 80549, 79071, 80551, 81234, 79198, 60311, 60312, 60318, 99023]
[80542 : 1.0, 33627 : 0.575533, 60486 : 0.55122393, 64496 : 0.53361976, 60225 : 0.51357645, 99302 : 0.50796026, 80541 : 0.5071135, 60311 : 0.49755046, 78057 : 0.4853743, 40015 : 0.4815034, 60241 : 0.4788762, 60573 : 0.47171697, 60318 : 0.46507648, 60383 : 0.46118176, 60576 : 0.45795006, 51779 : 0.45705944, 60062 : 0.4478963, 82219 : 0.44642082, 60586 : 0.446415, 813 : 0.44532558, 60583 : 0.4411664, 90686 : 0.43859458, 60314 : 0.4363587, 33629 : 0.4363029, 81065 : 0.43389392, 24151 : 0.4309963, 6321 : 0.40993834, 41418 : 0.4098889, 49139 : 0.40296885, 26346 : 0.39883813, 14084 : 0.39670432, 33504 : 0.39174223, 33626 : 0.38857594, 2429 : 0.38825753, 24636 : 0.38613734, 25795 : 0.38559988, 7254 : 0.38366047, 40011 : 0.38334927, 33167 : 0.3769754, 47094 : 0.3761029]
Querying image_id: 64676
[64671, 64670, 64668, 64663, 64662, 64661, 64660, 64659, 64654, 64685, 64655, 64681, 64648, 64683, 64649, 64646, 64677, 64678, 64672, 64673, 64643, 64674, 64675, 64641]
[64676 : 1.0, 64661 : 0.98709714, 64646 : 0.9688292, 64668 : 0.96700495, 64685 : 0.9461511, 64641 : 0.92329544, 33364 : 0.8877834, 84727 : 0.8806155, 64296 : 0.8755062, 33415 : 0.87506044, 50621 : 0.87034947, 33414 : 0.86810565, 33409 : 0.8667707, 96449 : 0.8661413, 8704 : 0.8659317, 33412 : 0.86443496, 96433 : 0.86210656, 52224 : 0.8615675, 96429 : 0.86089873, 64649 : 0.85735315, 64681 : 0.85735315, 47872 : 0.85653925, 42804 : 0.8561474, 94158 : 0.8545831, 75746 : 0.8540506, 51224 : 0.85239804, 71608 : 0.85206383, 33365 : 0.8507831, 7857 : 0.85037977, 33383 : 0.84871966, 64667 : 0.8479569, 35320 : 0.84653544, 70272 : 0.8455682, 42879 : 0.8432709, 85719 : 0.84263617, 31660 : 0.8405294, 72192 : 0.83971214, 42891 : 0.83889, 44230 : 0.83266306, 1312 : 0.83179456]
Querying image_id: 46237
[46218, 46216, 46217, 46223, 46240, 46241, 46242, 46208, 46235, 46233, 46232, 46236, 46229]
[46237 : 1.0, 46233 : 0.92199576, 46229 : 0.90242565, 71461 : 0.86180085, 61864 : 0.82209516, 25851 : 0.8218996, 63374 : 0.8207553, 71505 : 0.81847197, 85905 : 0.81506646, 69962 : 0.8113425, 46207 : 0.8077014, 40940 : 0.80364764, 4310 : 0.8021453, 4170 : 0.8014656, 5480 : 0.8014656, 86314 : 0.79943746, 36266 : 0.7992113, 46235 : 0.79899925, 89190 : 0.7952625, 42129 : 0.7947327, 61862 : 0.79443765, 63381 : 0.793118, 58707 : 0.7904019, 75804 : 0.7892535, 57092 : 0.78900087, 4379 : 0.7884949, 45449 : 0.7874178, 58868 : 0.7863869, 46232 : 0.78634614, 88876 : 0.78504014, 88760 : 0.78397965, 75144 : 0.78390145, 75062 : 0.77984685, 88861 : 0.77866507, 66677 : 0.77791345, 4370 : 0.7775448, 30641 : 0.774758, 43241 : 0.7742465, 27095 : 0.7742289, 251 : 0.7731471]
Querying image_id: 55302
[56672, 55352, 59849, 91939, 26350, 56684, 55342, 56555, 53731, 56694, 53735, 56696, 55333, 15732, 55293, 56538, 56580, 55327, 77445, 55389, 55323, 56529, 53123, 65834, 56648, 56652, 55309, 39805, 55375, 55274, 55306, 55436, 55363, 19224, 55297, 56600]
[55302 : 1.0, 55389 : 0.49221304, 56684 : 0.48658818, 58614 : 0.4855345, 39805 : 0.47067824, 86206 : 0.46007252, 55323 : 0.44651097, 55363 : 0.44088274, 59849 : 0.41490012, 65834 : 0.41109762, 26360 : 0.40873674, 4970 : 0.4083364, 55327 : 0.40807578, 20226 : 0.40767404, 100955 : 0.40375462, 17273 : 0.40356407, 2692 : 0.40115708, 39422 : 0.39710808, 50087 : 0.396129, 28679 : 0.39006245, 53189 : 0.38865528, 66759 : 0.38568896, 37766 : 0.38553733, 86208 : 0.38553733, 86309 : 0.3838131, 56696 : 0.3829962, 53735 : 0.37897533, 66092 : 0.37800574, 66083 : 0.37786058, 20202 : 0.3775267, 94924 : 0.3752826, 39926 : 0.3727701, 31937 : 0.37154076, 15732 : 0.36991823, 25485 : 0.36866343, 10081 : 0.36804488, 34739 : 0.36549017, 3653 : 0.36486006, 20204 : 0.3640847, 26350 : 0.36391732]
Querying image_id: 8165
[8130, 69526, 8363, 8162, 8362, 8129, 8163, 8164, 8135, 55257, 56348, 8139, 24527, 8354, 46512, 65780, 8357, 8380, 8383, 8459, 64618, 8461, 64620]
[8165 : 1.0, 71283 : 0.88940537, 75899 : 0.8893932, 53902 : 0.8891737, 75840 : 0.8873521, 49513 : 0.8844958, 55533 : 0.88394755, 25524 : 0.88362485, 75803 : 0.8826274, 42043 : 0.8792619, 45493 : 0.8789873, 57087 : 0.87834877, 55294 : 0.8781566, 8164 : 0.87728673, 82920 : 0.87254804, 47444 : 0.87137616, 43794 : 0.8702609, 20653 : 0.87018675, 72772 : 0.8691762, 14999 : 0.868332, 91362 : 0.8682702, 38597 : 0.86696374, 91303 : 0.8639476, 52929 : 0.8635287, 72778 : 0.8633891, 75318 : 0.863298, 91488 : 0.8607787, 9876 : 0.8600891, 17513 : 0.8595147, 75808 : 0.8594079, 89826 : 0.85836846, 7952 : 0.8583049, 89728 : 0.8581906, 56308 : 0.85574484, 25073 : 0.8534136, 50257 : 0.8525306, 21471 : 0.85115373, 43821 : 0.851052, 7838 : 0.8502844, 42445 : 0.84857154]
Querying image_id: 83820
[87021, 83821, 92528, 20989, 26779, 87217, 83813, 83812, 73073, 26770, 82015, 26769, 97228, 26765, 83833, 26760, 83828, 83731, 92526, 83827]
[83820 : 1.0, 84735 : 0.6126406, 35293 : 0.61250657, 27686 : 0.6108498, 37722 : 0.6093661, 44260 : 0.6056315, 33606 : 0.6013221, 51992 : 0.6011982, 38923 : 0.60095274, 5853 : 0.5975384, 17201 : 0.59595954, 20612 : 0.5954026, 47963 : 0.5931094, 45307 : 0.59174013, 81952 : 0.59114695, 92492 : 0.59114695, 38905 : 0.5905175, 28298 : 0.59044534, 38907 : 0.5889614, 63159 : 0.587889, 61885 : 0.587775, 65490 : 0.58660173, 92739 : 0.58641076, 85733 : 0.58479005, 51852 : 0.58409095, 97461 : 0.58324176, 75544 : 0.581837, 5280 : 0.5809495, 3980 : 0.5809495, 14705 : 0.5794675, 37540 : 0.57893914, 98516 : 0.5784848, 94790 : 0.57818806, 61863 : 0.57795084, 61899 : 0.57403886, 65973 : 0.573838, 85734 : 0.57377, 92509 : 0.5737399, 96593 : 0.57323104, 54391 : 0.5705334]
Querying image_id: 29505
[41910, 29830, 98639, 91585, 88539, 89049, 88530, 98630, 66381, 69356, 69357, 89151, 29876, 69367, 29504, 29875, 6305]
[29505 : 1.0, 29876 : 1.0, 34710 : 0.6867776, 65214 : 0.68442637, 2127 : 0.6813248, 73929 : 0.6769542, 74927 : 0.675773, 31671 : 0.67375684, 91896 : 0.6735731, 55801 : 0.6712793, 58377 : 0.6700878, 73928 : 0.66866726, 26507 : 0.6677538, 84183 : 0.6633406, 27294 : 0.66148794, 91901 : 0.661285, 65990 : 0.66072387, 73924 : 0.6597217, 98862 : 0.657751, 64042 : 0.6565606, 2125 : 0.6545473, 4827 : 0.65448815, 3374 : 0.65448815, 97130 : 0.6527379, 68420 : 0.65022916, 53885 : 0.6493903, 68419 : 0.64794374, 3372 : 0.6478942, 4825 : 0.6478942, 65086 : 0.646914, 25336 : 0.646306, 20141 : 0.6450882, 19512 : 0.6449336, 91897 : 0.64246494, 31539 : 0.6422779, 14688 : 0.6421848, 27439 : 0.64175653, 1451 : 0.639461, 68327 : 0.6387059, 7243 : 0.6384136]
Querying image_id: 34954
[34960, 34961, 34962, 34963, 34964, 34965, 6032, 6040, 34944, 34947, 43957, 34946, 34948, 34951, 34950, 34953, 34952, 34955, 34957, 34956, 34959, 34958, 34943, 18486, 34942, 18485, 34941, 34940, 34938, 34937, 16820, 34934, 34933, 34932, 34931, 16819, 34928, 34927]
[34954 : 1.0, 34955 : 0.91090494, 28471 : 0.90420866, 36651 : 0.9038747, 9700 : 0.9008062, 24995 : 0.8989723, 32163 : 0.89609087, 46696 : 0.89499986, 71408 : 0.89428705, 17000 : 0.8937896, 38551 : 0.89283824, 9703 : 0.89209694, 86349 : 0.8914414, 64316 : 0.8909525, 2357 : 0.88912666, 73206 : 0.88871336, 48513 : 0.88845974, 41969 : 0.8880622, 86324 : 0.88799137, 83360 : 0.8879193, 51256 : 0.88761777, 96654 : 0.8872765, 46695 : 0.8863705, 97133 : 0.8851052, 19414 : 0.884982, 376 : 0.88445497, 9699 : 0.88398445, 44818 : 0.88372093, 71254 : 0.88264143, 58838 : 0.8803904, 55036 : 0.879381, 91531 : 0.8792668, 71525 : 0.878853, 86327 : 0.87836456, 69115 : 0.87816066, 70431 : 0.87734526, 77398 : 0.87680507, 90361 : 0.87667364, 71597 : 0.8757102, 88191 : 0.8756461]
Querying image_id: 60985
[60977, 60979, 60978, 60981, 60980, 60982, 60986, 60989, 60988, 60990, 60968, 60970, 60971, 60973, 60974, 60975, 72431, 6753, 60996, 60997, 60934, 60938, 60939, 72432, 60940, 60941]
[60985 : 1.0, 33660 : 0.82963943, 67147 : 0.79407173, 96608 : 0.7909967, 60973 : 0.78533, 56658 : 0.77481335, 60975 : 0.77266395, 6753 : 0.7656834, 60997 : 0.76330525, 2613 : 0.76263934, 8776 : 0.76155734, 75225 : 0.75973487, 70777 : 0.7583109, 3972 : 0.756831, 5272 : 0.756831, 60970 : 0.75476867, 39812 : 0.75469553, 2355 : 0.7544677, 60963 : 0.75440073, 60977 : 0.75327, 18577 : 0.7529021, 7844 : 0.75159585, 70769 : 0.7507125, 67056 : 0.7506379, 29148 : 0.7503924, 73580 : 0.74913234, 25065 : 0.7476262, 69333 : 0.745491, 75918 : 0.7431108, 60989 : 0.741041, 60979 : 0.7401359, 93282 : 0.73991704, 36741 : 0.73829436, 24457 : 0.7375669, 44375 : 0.7375375, 47259 : 0.7373478, 20584 : 0.7333676, 45196 : 0.73260164, 36896 : 0.7322908, 44917 : 0.7319081]
Querying image_id: 71753
[71750, 27980, 9956, 27983, 71754, 71755, 74443, 76401, 71761, 71760, 71763, 71762, 39461, 27989]
[71753 : 1.0, 71754 : 0.74911016, 79951 : 0.746591, 72975 : 0.72804564, 16778 : 0.72613084, 24592 : 0.7253636, 71761 : 0.7179097, 29160 : 0.71725607, 96610 : 0.716419, 39461 : 0.71029663, 73309 : 0.7085251, 37405 : 0.706404, 50472 : 0.70328045, 19841 : 0.6998288, 66594 : 0.6991772, 92 : 0.69845223, 33166 : 0.6968443, 86567 : 0.69523907, 29005 : 0.6934052, 42201 : 0.6931789, 72892 : 0.69173443, 48060 : 0.688689, 6041 : 0.6884998, 71755 : 0.68733215, 47188 : 0.6863172, 24235 : 0.6845313, 48061 : 0.6842258, 24305 : 0.68391263, 24218 : 0.68357444, 33674 : 0.6830317, 17080 : 0.682965, 70089 : 0.677869, 103109 : 0.6771583, 98167 : 0.67527145, 71750 : 0.67458355, 70461 : 0.67267096, 96609 : 0.669243, 94548 : 0.6686002, 97944 : 0.6649043, 96630 : 0.66323775]
Querying image_id: 65217
[29525, 29862, 29863, 68059, 8942, 68056, 78242, 8928, 63976, 77680, 65229, 34354, 65224, 19523, 42012, 65211, 65213, 29494, 25828, 7258, 65214, 29493, 29897, 20428, 68080, 65207, 68078, 65195, 7096, 20691, 57873, 68070, 68067]
[65217 : 1.0, 65203 : 0.767235, 190 : 0.7544647, 93167 : 0.7474529, 7082 : 0.721947, 73812 : 0.7142909, 90029 : 0.7109379, 42729 : 0.697028, 19053 : 0.6903682, 15254 : 0.6889757, 24526 : 0.6888164, 33142 : 0.685982, 39144 : 0.67960197, 56432 : 0.6765214, 75422 : 0.6722252, 61740 : 0.6695407, 66663 : 0.65879613, 66636 : 0.65839046, 28776 : 0.6580202, 60700 : 0.6569005, 65224 : 0.6565827, 49150 : 0.65307707, 16566 : 0.6508677, 18112 : 0.65016735, 26271 : 0.6500113, 55089 : 0.6491439, 29288 : 0.6479204, 14627 : 0.64567447, 62881 : 0.64352924, 62879 : 0.64352924, 62876 : 0.64352924, 62878 : 0.64352924, 39547 : 0.6423958, 7071 : 0.6416733, 90048 : 0.6408385, 80424 : 0.6376731, 68131 : 0.6370627, 5250 : 0.6356641, 15491 : 0.6317208, 18804 : 0.629051]
Querying image_id: 85898
[85906, 85905, 85939, 85853, 85850, 85912, 34902, 85950, 97261, 97259, 55030, 85930, 86030, 85900]
[85898 : 1.0, 85905 : 0.90821797, 85853 : 0.87952673, 25851 : 0.86413866, 46206 : 0.8638297, 18895 : 0.8598248, 75370 : 0.85931027, 76205 : 0.85741365, 71402 : 0.8559194, 98448 : 0.85569745, 25801 : 0.854537, 39292 : 0.85083824, 11565 : 0.8502136, 10674 : 0.8502136, 12408 : 0.8502136, 32004 : 0.8482546, 40940 : 0.8417105, 716 : 0.8402748, 90605 : 0.8396253, 66675 : 0.8392569, 57092 : 0.8384326, 4370 : 0.83804685, 87634 : 0.8375247, 87511 : 0.8375247, 87568 : 0.8375247, 47693 : 0.8372793, 100219 : 0.8369982, 20958 : 0.8369238, 98535 : 0.8369216, 71461 : 0.8367895, 87669 : 0.83494073, 87546 : 0.83494073, 87603 : 0.83494073, 36266 : 0.83482224, 87598 : 0.8347103, 42044 : 0.8344637, 4338 : 0.8299325, 19555 : 0.8297605, 19680 : 0.8297605, 46207 : 0.82825536]
Querying image_id: 7861
[83273, 83266, 15548, 65433, 83288, 67801, 83293, 83281, 83287, 83284, 26632, 26633, 7863, 7862, 7859, 7858, 65593, 36382, 7868, 7867, 7866, 7865, 67963, 7864, 15370, 15369, 14805, 15361, 6611, 72011]
[7861 : 1.0, 7858 : 0.8959472, 7865 : 0.88865423, 7971 : 0.887621, 66123 : 0.88601655, 7866 : 0.8851578, 44071 : 0.8834122, 96589 : 0.88158286, 32392 : 0.87926155, 34781 : 0.87911075, 32008 : 0.8790317, 41755 : 0.87779504, 82003 : 0.8760464, 26627 : 0.87438667, 83543 : 0.87310404, 51018 : 0.8723798, 66157 : 0.8715415, 30192 : 0.870446, 16092 : 0.8694619, 88672 : 0.86856323, 83287 : 0.8683893, 88671 : 0.8673193, 36382 : 0.8670256, 52050 : 0.86627513, 66263 : 0.8662454, 36863 : 0.8658629, 18282 : 0.86435634, 32526 : 0.8629728, 16225 : 0.8626411, 66253 : 0.8617433, 71683 : 0.8605521, 89154 : 0.86034197, 36239 : 0.86004215, 78262 : 0.85899854, 72161 : 0.8588913, 89153 : 0.8587111, 66258 : 0.85866416, 75749 : 0.8583749, 84867 : 0.858113, 66792 : 0.85809696]
Querying image_id: 478
[62820, 75598, 75615, 473, 62831, 45791, 90152, 483]
[478 : 1.0, 473 : 0.7389332, 54432 : 0.721137, 65831 : 0.71815276, 38564 : 0.7171496, 56858 : 0.69840527, 36367 : 0.6944568, 49144 : 0.69278646, 22462 : 0.6896224, 16674 : 0.6866376, 3464 : 0.6848272, 4917 : 0.6848272, 39434 : 0.68263, 38468 : 0.6802211, 57759 : 0.6784273, 16292 : 0.6710491, 37003 : 0.66334003, 55368 : 0.6508619, 22313 : 0.6507124, 71546 : 0.6463892, 54503 : 0.6450182, 6693 : 0.6402628, 56968 : 0.6377541, 55589 : 0.63684964, 22460 : 0.63674533, 65020 : 0.63636786, 36665 : 0.6347084, 36556 : 0.63376474, 18061 : 0.63362235, 37004 : 0.6324622, 72142 : 0.6314311, 56101 : 0.62896883, 89806 : 0.6268587, 91674 : 0.62001973, 89958 : 0.61902994, 56436 : 0.61530983, 55443 : 0.61373496, 49556 : 0.612198, 49803 : 0.612198, 68515 : 0.60972464]
Querying image_id: 76815
[76811, 76809, 76808, 76813, 76803, 76834, 76807, 76806, 76805, 76804, 76824, 76825, 76830, 76819, 76816, 76817, 76823]
[76815 : 1.0, 76809 : 0.94949055, 76823 : 0.9411822, 76807 : 0.9289583, 76816 : 0.92551637, 76804 : 0.9219329, 76824 : 0.90691507, 76825 : 0.89739704, 76803 : 0.89738137, 76813 : 0.8907687, 76808 : 0.88918555, 91775 : 0.87616104, 94356 : 0.87547976, 94358 : 0.8747981, 76830 : 0.87466604, 51306 : 0.87381995, 15544 : 0.87276644, 64782 : 0.8719801, 68423 : 0.87143064, 76806 : 0.87141603, 76826 : 0.87104034, 53242 : 0.8696977, 50924 : 0.8666287, 52199 : 0.8648688, 52362 : 0.8644393, 51488 : 0.86380756, 52315 : 0.86273825, 35050 : 0.86165065, 23922 : 0.86139184, 31908 : 0.8592602, 31909 : 0.8592602, 31904 : 0.85915494, 31905 : 0.8586633, 35006 : 0.85819674, 52321 : 0.85773563, 52313 : 0.85767156, 31906 : 0.85738873, 18289 : 0.8568416, 52326 : 0.85654515, 52814 : 0.85654515]
Querying image_id: 42014
[67432, 48387, 42023, 46481, 74360, 73787, 55693, 24804, 83303, 6690, 36544, 45828, 69067]
[42014 : 1.0, 37224 : 0.7291457, 16698 : 0.72486544, 91729 : 0.7123472, 56433 : 0.70513797, 22329 : 0.6954942, 6690 : 0.69469583, 30408 : 0.6860739, 24055 : 0.6807799, 21863 : 0.67922944, 38770 : 0.66054124, 23213 : 0.6580366, 16701 : 0.6525031, 24044 : 0.6476765, 20095 : 0.643549, 36257 : 0.6424575, 79692 : 0.6399077, 62831 : 0.6386728, 62820 : 0.6386728, 16456 : 0.6344756, 24803 : 0.6262576, 56467 : 0.62120014, 79691 : 0.6159621, 75575 : 0.6131081, 55557 : 0.61254454, 48254 : 0.6123616, 16681 : 0.60787666, 91637 : 0.6058039, 38182 : 0.6050852, 14544 : 0.60427564, 103303 : 0.60252184, 55467 : 0.5953918, 90365 : 0.59520984, 91727 : 0.5919963, 76555 : 0.58985364, 76568 : 0.58985364, 89724 : 0.58854085, 69780 : 0.58811337, 53703 : 0.58788764, 57013 : 0.58307487]
Querying image_id: 32858
[76384, 32964, 32846, 32877, 32837, 32904, 95196, 18219, 32915, 32856, 32799, 32852, 32886, 32923, 32849, 32958]
[32858 : 1.0, 39736 : 0.67176664, 39716 : 0.67176664, 64229 : 0.66939634, 32856 : 0.6678729, 100994 : 0.66693026, 48696 : 0.66378206, 15779 : 0.6611379, 58665 : 0.65507394, 49986 : 0.6510436, 32958 : 0.6498768, 51341 : 0.6368608, 25924 : 0.6359615, 101869 : 0.6291756, 49753 : 0.62713295, 91476 : 0.6268146, 50066 : 0.6209527, 99732 : 0.618867, 51669 : 0.6183291, 87984 : 0.616087, 72926 : 0.6156884, 48012 : 0.61512375, 49011 : 0.61512375, 50119 : 0.6134903, 48741 : 0.61274356, 32923 : 0.6114764, 52918 : 0.6112885, 50025 : 0.60870093, 28517 : 0.6059506, 38451 : 0.60490733, 50162 : 0.603414, 100299 : 0.6031035, 52512 : 0.60147613, 55817 : 0.60040575, 30874 : 0.5999627, 44128 : 0.59690243, 99490 : 0.5961802, 89894 : 0.5941243, 76384 : 0.5932665, 86250 : 0.5925432]
Querying image_id: 75839
[75944, 5737, 75981, 50313, 76006, 25073, 75883, 49452, 42478, 75966, 5757, 5744, 75926, 75299, 75899, 75984]
[75839 : 1.0, 72107 : 0.9727721, 66802 : 0.972065, 48039 : 0.9720043, 55068 : 0.9717288, 51703 : 0.9711995, 54832 : 0.9686141, 56024 : 0.9680149, 68739 : 0.9675209, 47305 : 0.9673052, 3109 : 0.96723014, 76792 : 0.9665174, 46346 : 0.96649635, 48367 : 0.96649635, 5367 : 0.9663632, 4067 : 0.9663632, 48773 : 0.9662399, 5748 : 0.9657677, 90132 : 0.9656297, 83130 : 0.9655179, 48131 : 0.96548563, 5757 : 0.9652746, 16219 : 0.9651982, 90714 : 0.96487963, 77518 : 0.9642492, 1939 : 0.9640724, 1988 : 0.9640724, 3121 : 0.96382254, 48750 : 0.9636574, 2811 : 0.96349853, 39227 : 0.96325123, 66670 : 0.96309537, 103229 : 0.9630649, 91479 : 0.9627455, 87487 : 0.9627038, 49248 : 0.9626946, 97347 : 0.9625733, 54960 : 0.9625059, 3830 : 0.96243954, 73888 : 0.96208364]
Querying image_id: 92259
[92363, 92226, 86002, 92359, 92237, 92236, 56210, 54628, 86049, 92248, 92375, 79499, 92374, 92261, 92260, 86169, 92262, 92266, 54620, 92135, 92174, 92295, 92183, 92150, 92317, 92422, 56150, 92309, 30671, 48833, 70222, 92197, 54686, 64971, 92335, 54684, 64974, 54680, 92325, 92204, 70626, 102044, 92344, 92211, 92340, 102038, 92337, 92217, 92339]
[92259 : 1.0, 92237 : 0.66709095, 92325 : 0.6557366, 44705 : 0.64392203, 36806 : 0.61787426, 8214 : 0.61208606, 64865 : 0.60697174, 67044 : 0.6040322, 60682 : 0.6021155, 16517 : 0.60042477, 44363 : 0.5996541, 39959 : 0.5991213, 92240 : 0.597052, 44408 : 0.595412, 90374 : 0.5953582, 17521 : 0.59522045, 82254 : 0.595218, 18206 : 0.5893617, 96680 : 0.58764327, 63735 : 0.5868601, 68618 : 0.58684456, 92374 : 0.5868017, 28947 : 0.58639866, 71805 : 0.5856289, 63456 : 0.5855898, 55866 : 0.585222, 54398 : 0.5841018, 97231 : 0.5838429, 55918 : 0.58163583, 62227 : 0.58089864, 44767 : 0.57492703, 30691 : 0.574528, 15993 : 0.5738097, 45570 : 0.5734091, 8405 : 0.569823, 38244 : 0.5696705, 43028 : 0.569213, 47612 : 0.5673999, 17634 : 0.5664936, 41993 : 0.56629807]
Querying image_id: 95385
[95472, 95352, 95408, 95409, 95397, 95396, 95399, 95398, 95393, 95392, 95395, 95394, 95405, 95404, 95467, 95407, 95466, 95406, 95401, 95468, 95400, 95403, 95382, 95383, 95380, 95381, 95378, 95379, 95376, 95377, 95390, 95391, 95388, 95386, 95387, 95384, 95452, 95701, 95375, 95374, 95373, 95303]
[95385 : 1.0, 95386 : 0.8564944, 95387 : 0.84275395, 95467 : 0.83323926, 95466 : 0.8086288, 86232 : 0.804059, 59710 : 0.78885573, 89798 : 0.78729224, 72329 : 0.7871046, 77178 : 0.78531456, 67722 : 0.7811149, 67884 : 0.7811149, 67559 : 0.7811149, 5866 : 0.7798126, 67887 : 0.7789894, 67562 : 0.7789894, 67725 : 0.7789894, 70744 : 0.778273, 8503 : 0.7759154, 95515 : 0.7712962, 29416 : 0.7712838, 29785 : 0.7712838, 65564 : 0.7697169, 6564 : 0.76924586, 77089 : 0.7688937, 23714 : 0.7629147, 38822 : 0.7625602, 15952 : 0.75969195, 26750 : 0.75922835, 24991 : 0.7587553, 46418 : 0.75563353, 20241 : 0.75206274, 41631 : 0.7498052, 45732 : 0.7495894, 8613 : 0.7490334, 13775 : 0.74453205, 8295 : 0.74418616, 8290 : 0.7401833, 755 : 0.73978823, 4255 : 0.7390043]
Precision@10: 23.333332%
Avaliação demorou: 28642 ms
